RANDOM
ITERATIONS: 145
SUCCESSES: 45
FAILURES: 100
AVERAGE SUCCESS STEPS: 30.08888888888889

bc
ITERATIONS: 101
SUCCESSES: 100
FAILURES: 1
AVERAGE SUCCESS STEPS: 17.92

gail
ITERATIONS: 170
SUCCESSES: 70
FAILURES: 100
AVERAGE SUCCESS STEPS: 23.728571428571428

gail (10 samples)
ITERATIONS: 199
SUCCESSES: 99
FAILURES: 100
AVERAGE SUCCESS STEPS: 11.555555555555555